** Classification with Random Forest of 100 trees **

Total of instances					:	 9921 
Number of instance trained			:	 7936 
Number of instance predicted		:	 1985 
Correctly classified instances		:	 1710 (86.146 %) 
Incorrectly classified instances	:	 275 (13.854 %) 
Out of Bag (OOB) error rate			:	 0.131
Specificity							:	 0.993 
Average of accuracy					:	 0.989
Macro Average of Precision			:	 0.512
Micro Average of Precision			:	 0.861
Macro Average of Recall				:	 0.402
Micro Average of Recall				:	 0.861
Macro Average of FMeasure			:	 0.451
Micro Average of FMeasure			:	 0.861

** Confusion Matrix **
Row: Actual; Column: Predicted
Label of class:
{0:ACRONYM; 1:ANIMAL; 2:ARTIFACT; 3:AWARD; 4:BUSINESS; 5:CONCEPT; 6:CREATION; 7:EVENT; 8:INSTALLATION; 9:INSTITUTION; 10:LEGAL; 11:LOCATION; 12:MEASURE; 13:MEDIA; 14:NATIONAL; 15:ORGANISATION; 16:PERIOD; 17:PERSON; 18:PERSON_TYPE; 19:PLANT; 20:SPORT_TEAM; 21:SUBSTANCE; 22:TITLE; 23:UNKNOWN; 24:WEBSITE; 25:OTHER}

Class:	0	1	2	3	4	5	6	7	8	9	10	11	12	13	14	15	16	17	18	19	20	21	22	23	24	25	
	0|	0	0	0	0	0	0	0	0	0	0	0	0	0	0	0	0	0	0	0	0	0	0	0	0	0	0	
	1|	0	40	0	0	0	0	0	0	0	0	0	0	0	0	0	0	0	0	0	0	0	0	0	0	0	6	
	2|	0	0	21	0	0	0	0	0	0	0	0	6	0	0	0	0	0	0	0	0	0	0	0	0	0	20	
	3|	0	0	1	0	0	0	0	0	0	0	0	0	0	0	0	0	1	0	0	0	0	0	0	0	0	0	
	4|	0	0	0	0	12	0	0	0	0	0	0	3	0	0	0	1	0	0	0	0	0	0	0	0	0	0	
	5|	0	0	1	0	0	17	0	0	0	0	0	0	0	0	0	0	0	0	0	0	0	0	0	0	0	31	
	6|	0	0	0	0	0	0	36	0	0	0	0	4	0	0	0	0	0	0	0	0	0	0	0	0	0	6	
	7|	0	0	0	0	0	0	0	38	0	0	0	3	0	0	0	0	7	0	0	0	0	0	0	0	0	4	
	8|	0	0	0	0	0	0	0	0	8	0	0	35	0	0	0	0	0	0	0	0	0	0	0	0	0	3	
	9|	0	0	0	0	0	0	0	0	0	0	0	5	0	0	0	0	0	0	0	0	0	0	0	0	0	1	
	10|	0	0	0	0	0	0	1	0	0	0	0	0	0	0	0	0	1	0	0	0	0	0	0	0	0	2	
	11|	0	0	0	0	0	0	0	1	0	0	0	717	0	0	0	0	0	0	0	0	0	0	0	0	0	28	
	12|	0	0	0	0	0	0	0	0	0	0	0	1	0	0	0	0	0	0	0	0	0	0	0	0	0	20	
	13|	0	0	0	0	1	0	4	0	0	0	0	1	0	0	0	0	0	0	0	0	0	0	0	0	0	0	
	14|	0	0	0	0	0	0	0	0	0	0	0	1	0	0	0	0	0	0	0	0	0	0	0	0	0	0	
	15|	0	0	0	0	0	0	0	0	0	0	0	5	0	0	0	7	0	0	0	0	0	0	0	0	0	4	
	16|	0	0	0	0	0	0	0	0	0	0	0	1	0	0	0	0	246	0	0	0	0	0	0	0	0	7	
	17|	0	0	0	0	0	0	0	0	0	0	0	0	0	0	0	0	0	326	0	0	0	0	0	0	0	1	
	18|	0	0	0	0	0	0	0	0	0	0	0	0	0	0	0	0	0	0	0	0	0	0	0	0	0	2	
	19|	0	3	0	0	0	0	0	0	0	0	0	0	0	0	0	0	0	0	0	0	0	0	0	0	0	0	
	20|	0	0	0	0	0	0	0	2	0	0	0	4	0	0	0	0	0	0	0	0	14	0	0	0	0	0	
	21|	0	0	0	0	0	0	0	0	0	0	0	0	0	0	0	0	0	0	0	0	0	26	0	0	0	11	
	22|	0	0	0	0	0	0	0	0	0	0	0	0	0	0	0	0	0	0	0	0	0	0	0	0	0	0	
	23|	0	0	1	0	0	0	0	0	0	0	0	2	0	0	0	0	0	0	0	0	0	0	0	0	0	16	
	24|	0	0	0	0	1	0	0	0	0	0	0	0	0	0	0	0	0	0	0	0	0	0	0	0	2	0	
	25|	0	0	1	0	0	0	1	2	0	0	0	11	0	0	0	0	0	0	0	0	0	0	0	0	1	200	

** Validation for each class **

Class		:	0		1		2		3		4		5		6		7		8		9		10		11		12		13		14		15		16		17		18		19		20		21		22		23		24		25	
Accuracy	:	1.00	1.00	0.98	1.00	1.00	0.98	0.99	0.99	0.98	1.00	1.00	0.94	0.99	1.00	1.00	0.99	0.99	1.00	1.00	1.00	1.00	0.99	1.00	0.99	1.00	0.91
Precision	:	0.00	0.93	0.84	0.00	0.86	1.00	0.86	0.88	1.00	0.00	0.00	0.90	0.00	0.00	0.00	0.88	0.96	1.00	0.00	0.00	1.00	1.00	0.00	0.00	0.67	0.55
Recall		:	0.00	0.87	0.45	0.00	0.75	0.35	0.78	0.73	0.17	0.00	0.00	0.96	0.00	0.00	0.00	0.44	0.97	1.00	0.00	0.00	0.70	0.70	0.00	0.00	0.67	0.93
FMeasure	:	0.00	0.90	0.58	0.00	0.80	0.52	0.82	0.80	0.30	0.00	0.00	0.93	0.00	0.00	0.00	0.58	0.97	1.00	0.00	0.00	0.82	0.83	0.00	0.00	0.67	0.69
Specificity	:	1.00	1.00	1.00	1.00	1.00	1.00	1.00	1.00	1.00	1.00	1.00	0.93	1.00	1.00	1.00	1.00	0.99	1.00	1.00	1.00	1.00	1.00	1.00	1.00	1.00	0.91

