** Classification with Random Forest of 100 trees **

Total of instances					:	 10196 
Number of instance trained			:	 8156 
Number of instance predicted		:	 2040 
Correctly classified instances		:	 1735 (85.049 %) 
Incorrectly classified instances	:	 305 (14.951 %) 
Out of Bag (OOB) error rate			:	 0.141
Specificity							:	 0.993 
Average of accuracy					:	 0.988
Macro Average of Precision			:	 0.619
Micro Average of Precision			:	 0.850
Macro Average of Recall				:	 0.443
Micro Average of Recall				:	 0.850
Macro Average of FMeasure			:	 0.516
Micro Average of FMeasure			:	 0.850

** Confusion Matrix **
Row: Actual; Column: Predicted
Label of class:
{0:ACRONYM; 1:ANIMAL; 2:ARTIFACT; 3:AWARD; 4:BUSINESS; 5:CONCEPT; 6:CREATION; 7:EVENT; 8:INSTALLATION; 9:INSTITUTION; 10:LEGAL; 11:LOCATION; 12:MEASURE; 13:MEDIA; 14:NATIONAL; 15:ORGANISATION; 16:PERIOD; 17:PERSON; 18:PERSON_TYPE; 19:PLANT; 20:SPORT_TEAM; 21:SUBSTANCE; 22:TITLE; 23:UNKNOWN; 24:WEBSITE; 25:OTHER}

Class:	0	1	2	3	4	5	6	7	8	9	10	11	12	13	14	15	16	17	18	19	20	21	22	23	24	25	
	0|	0	0	0	0	0	0	0	0	0	0	0	0	0	0	0	0	0	0	0	0	0	0	0	0	0	0	
	1|	0	29	0	0	0	0	0	0	0	0	0	0	0	0	0	0	0	0	0	0	0	0	0	0	0	6	
	2|	0	0	31	0	0	0	0	1	0	0	0	3	0	0	0	0	0	0	0	0	1	0	0	0	0	22	
	3|	0	0	0	0	0	0	0	0	0	0	0	1	0	0	0	0	2	0	0	0	0	0	0	0	0	3	
	4|	0	0	0	0	11	0	0	0	0	0	0	0	0	0	0	0	0	0	0	0	1	0	0	0	0	2	
	5|	0	0	0	0	0	16	0	0	0	0	0	0	0	0	0	0	0	0	0	0	0	0	0	0	0	26	
	6|	0	0	0	0	0	0	38	0	0	0	0	0	0	0	0	0	0	0	0	0	0	0	0	0	0	13	
	7|	0	0	0	0	0	0	0	38	0	0	0	0	0	0	0	0	7	0	0	0	0	0	0	0	0	2	
	8|	0	0	0	0	0	0	0	0	10	0	0	45	0	0	0	1	0	0	0	0	1	0	0	0	0	2	
	9|	0	0	0	0	0	0	0	0	0	0	0	5	0	0	0	0	0	0	0	0	0	0	0	0	0	1	
	10|	0	0	0	0	0	0	1	1	0	0	0	0	0	0	0	0	0	0	0	0	0	0	0	0	0	0	
	11|	0	0	0	0	0	0	1	1	0	0	0	683	0	0	0	0	0	0	0	0	0	0	0	0	0	45	
	12|	0	0	0	0	0	0	1	0	0	0	0	4	2	0	0	0	0	0	0	0	0	0	0	0	0	14	
	13|	0	0	0	0	0	0	2	0	0	0	0	0	0	0	0	0	0	0	0	0	0	0	0	0	0	3	
	14|	0	0	0	0	0	0	0	0	0	0	0	0	0	0	0	0	0	0	0	0	0	0	0	0	0	0	
	15|	0	0	0	0	0	0	0	0	0	0	0	4	0	0	0	5	0	0	0	0	0	0	0	0	0	3	
	16|	0	0	0	0	0	0	0	0	0	0	0	1	0	0	0	0	253	0	0	0	0	0	0	0	0	4	
	17|	0	0	0	0	0	0	1	0	0	0	0	0	0	0	0	0	0	325	0	0	0	0	0	0	0	9	
	18|	0	0	0	0	0	0	0	0	0	0	0	0	0	0	0	0	0	0	0	0	0	0	0	0	0	1	
	19|	0	4	0	0	0	0	0	0	0	0	0	0	0	0	0	0	0	0	0	2	0	0	0	0	0	0	
	20|	0	0	0	0	0	0	0	2	0	0	0	1	0	0	0	0	0	0	0	0	13	0	0	0	0	2	
	21|	0	0	0	0	0	0	0	0	0	0	0	0	0	0	0	0	0	0	0	0	0	31	0	0	0	6	
	22|	0	0	0	0	0	0	0	0	0	0	0	0	0	0	0	0	0	0	0	0	0	0	0	0	0	1	
	23|	0	0	0	0	0	0	0	2	0	0	0	2	0	0	0	0	0	0	0	0	0	2	0	18	0	27	
	24|	0	0	1	0	0	0	0	0	0	0	0	0	0	0	0	0	0	0	0	0	0	0	0	0	2	0	
	25|	0	1	0	0	0	0	0	3	0	0	0	8	0	0	0	0	0	0	0	0	0	0	0	1	1	228	

** Validation for each class **

Class		:	0		1		2		3		4		5		6		7		8		9		10		11		12		13		14		15		16		17		18		19		20		21		22		23		24		25	
Accuracy	:	1.00	0.99	0.99	1.00	1.00	0.99	0.99	0.99	0.98	1.00	1.00	0.94	0.99	1.00	1.00	1.00	0.99	1.00	1.00	1.00	1.00	1.00	1.00	0.98	1.00	0.90
Precision	:	0.00	0.85	0.97	0.00	1.00	1.00	0.86	0.79	1.00	0.00	0.00	0.90	1.00	0.00	0.00	0.83	0.97	1.00	0.00	1.00	0.81	0.94	0.00	0.95	0.67	0.54
Recall		:	0.00	0.83	0.53	0.00	0.79	0.38	0.75	0.81	0.17	0.00	0.00	0.94	0.10	0.00	0.00	0.42	0.98	0.97	0.00	0.33	0.72	0.84	0.00	0.35	0.67	0.94
FMeasure	:	0.00	0.84	0.69	0.00	0.88	0.55	0.80	0.80	0.29	0.00	0.00	0.92	0.17	0.00	0.00	0.56	0.97	0.98	0.00	0.50	0.76	0.89	0.00	0.51	0.67	0.69
Specificity	:	1.00	1.00	1.00	1.00	1.00	1.00	1.00	0.99	1.00	1.00	1.00	0.94	1.00	1.00	1.00	1.00	0.99	1.00	1.00	1.00	1.00	1.00	1.00	1.00	1.00	0.89

